============================================================= shark_max_speed 5
100 FISH
>>      [ 0.56235, 0.36432, 0.58306, 0.77340, 8.41316, 0.61953, ], SCORE: 17.00
>>      [ 0.82333, 0.04846, 0.54489, 1.98849, 15.72072, 0.20901, ], SCORE: 10.00
>>      [ 0.58797, 0.01870, 0.02966, 16.31731, 7.84481, 0.29189, ], SCORE: 0.00

200 FISH
>>      [ 0.44165, 0.37567, 0.48667, 3.21052, 14.57496, 0.17503, ], SCORE: 33.00
>>      [ 0.49754, 0.23302, 0.38545, 2.38641, 19.59566, 0.03586, ], SCORE: 32.00
>>      [ 0.64737, 0.53215, 0.63978, 3.65160, 17.15791, 0.41356, ], SCORE: 52.00

400 FISH
>>      [ 1.00000, 0.41356, 0.23406, 0.13864, 9.92981, 8.06011, ], SCORE: 99.00
>>      [ 0.75726, 0.00945, 0.05259, 127.39708, 10.96817, 1.23065, ], SCORE: 3.00
>>      [ 0.30000, 0.02954, 6.20744, 0.13471, 5.27531, 0.32791, ], SCORE: 111.17



============================================================= shark_max_speed 9
100 FISH
>>      [ 0.31666, 0.06907, 0.25452, 4.16265, 4.26960, 10.75747, ], SCORE: 39.83
>>      [ 0.56686, 1.17621, 0.72788, 7.56025, 10.23090, 2.06554, ], SCORE: 44.67
>>      [ 0.30920, 0.37418, 0.40095, 0.73649, 10.00939, 0.10247, ], SCORE: 38.00

200 FISH
>>      [ 0.30000, 0.03823, 0.02260, 10.94668, 14.32378, 2.06986, ], SCORE: 62.00
>>      [ 0.85586, 0.65930, 0.93795, 0.57723, 14.67109, 0.14977, ], SCORE: 78.67 
>>      [ 1.00000, 0.08836, 0.00335, 0.63133, 20.92955, 1.57495, ], SCORE: 68.67

400 FISH
>>      [ 1.00000, 0.28210, 0.77217, 1.98846, 5.50435, 0.99110, ], SCORE: 201.83
>>      [ 0.97803, 0.32834, 0.74205, 2.02727, 9.83037, 8.07253, ], SCORE: 215.83
>>      [ 0.38743, 0.14151, 9.97112, 0.26440, 0.98872, 11.77511, ], SCORE: 167.33

