Parameters:
Namespace(mutation_prob=0.2, crossover_prob=0.2, population_size=10, generations_max=20, simulations_per_indiv=8, len_individual=5, random_seed=True, n_best_to_return=10, debug=True)

Starting computation.Starting computation.
GEN 0, TIME 16.645362615585327, ([2.0906465332944424, 10.915698788338714, 2.263573901612179, 8.057158642879454, 2.4322231659294546], 346.875)      
GEN 1, TIME 50.326260805130005, ([7.233609994845766, 15.723398617193814, 7.117219081470896, 3.9250406422013273, 10.143155930774174], 320.0)        
GEN 2, TIME 77.62109875679016, ([2.0906465332944424, 17.268576550724053, 2.263573901612179, 8.057158642879454, 10.143155930774174], 310.5)
GEN 3, TIME 106.60804891586304, ([2.1465625084773485, 17.268576550724053, 2.263573901612179, 8.057158642879454, 10.143155930774174], 296.375)      
GEN 4, TIME 137.6218659877777, ([1.4030676874135837, 17.268576550724053, 2.263573901612179, 8.057158642879454, 18.06222270390922], 198.25)
GEN 5, TIME 182.4463119506836, ([1.4030676874135837, 17.268576550724053, 2.263573901612179, 8.057158642879454, 18.06222270390922], 198.25)
GEN 6, TIME 236.79061317443848, ([1.4030676874135837, 11.380610099675966, 2.263573901612179, 16.104262033776532, 18.06222270390922], 141.0)        
GEN 7, TIME 319.4244170188904, ([1.6256916270382726, 17.268576550724053, 2.0575108383571075, 8.057158642879454, 25.110635376454823], 98.5)
GEN 8, TIME 382.0143747329712, ([1.177845500816081, 11.380610099675966, 1.9346595264070696, 16.104262033776532, 18.06222270390922], 98.0)
GEN 9, TIME 459.4159607887268, ([1.0084356846306006, 11.380610099675966, 1.9346595264070696, 18.329109932544323, 18.06222270390922], 97.375)       
GEN 10, TIME 548.9354650974274, ([1.0165202343076032, 11.380610099675966, 1.9346595264070696, 16.104262033776532, 18.06222270390922], 89.0)        
GEN 11, TIME 628.2784199714661, ([0.9874765307666467, 11.380610099675966, 1.9346595264070696, 18.329109932544323, 18.06222270390922], 64.0)        
GEN 12, TIME 698.3786864280701, ([0.9874765307666467, 11.380610099675966, 1.9346595264070696, 18.329109932544323, 18.06222270390922], 64.0)
GEN 13, TIME 823.5572519302368, ([0.6025943716104578, 11.380610099675966, 2.6432185108837487, 18.329109932544323, 18.06222270390922], 53.125)
GEN 14, TIME 893.7378187179565, ([0.6025943716104578, 11.380610099675966, 2.6432185108837487, 18.329109932544323, 18.06222270390922], 53.125)
GEN 15, TIME 976.7929258346558, ([0.6025943716104578, 11.380610099675966, 2.6432185108837487, 18.329109932544323, 18.06222270390922], 53.125)
GEN 16, TIME 1079.29008603096, ([0.6025943716104578, 11.380610099675966, 2.6432185108837487, 18.329109932544323, 18.06222270390922], 53.125)
GEN 17, TIME 1175.0567834377289, ([0.6025943716104578, 11.380610099675966, 2.6432185108837487, 18.329109932544323, 18.06222270390922], 53.125)
GEN 18, TIME 1321.0672497749329, ([0.354216251157428, 8.73602228147242, 2.320129897320206, 18.329109932544323, 18.06222270390922], 49.375)
GEN 19, TIME 1510.4358146190643, ([0.354216251157428, 8.73602228147242, 2.320129897320206, 18.329109932544323, 18.06222270390922], 49.375)
GEN 20, TIME 1680.3443205356598, ([0.354216251157428, 8.73602228147242, 2.320129897320206, 18.329109932544323, 20.571777727230987], 41.75)

Computation finished.
10 best individuals at the end:
>>    ([0.354216251157428, 8.73602228147242, 2.320129897320206, 18.329109932544323, 20.571777727230987], 41.75)
>>    ([0.2322257199676968, 8.73602228147242, 2.320129897320206, 23.927049627195306, 18.06222270390922], 42.75)
>>    ([0.354216251157428, 8.73602228147242, 2.320129897320206, 18.329109932544323, 18.06222270390922], 49.375)
>>    ([0.6025943716104578, 11.380610099675966, 2.6432185108837487, 18.329109932544323, 18.06222270390922], 53.125)
>>    ([0.6025943716104578, 11.380610099675966, 2.6432185108837487, 18.329109932544323, 18.06222270390922], 54.625)
>>    ([0.6025943716104578, 8.73602228147242, 2.320129897320206, 18.329109932544323, 18.06222270390922], 59.0)
>>    ([0.8277002798243774, 8.73602228147242, 2.6432185108837487, 26.694226702330884, 18.06222270390922], 59.875)
>>    ([0.6025943716104578, 11.380610099675966, 2.6432185108837487, 18.329109932544323, 18.06222270390922], 60.75)
>>    ([0.6025943716104578, 8.73602228147242, 2.6432185108837487, 18.329109932544323, 18.06222270390922], 61.125)
>>    ([0.9874765307666467, 11.380610099675966, 1.9346595264070696, 18.329109932544323, 18.06222270390922], 64.0)
Total time: 1680.3444488048553