============================================================= num_sharks 2
100 FISH
>>      [ 0.34755, 0.14269, 0.26523, 1.68140, 9.50647, 3.82265, ], SCORE: 57.50
>>      [ 0.36098, 0.25283, 0.68297, 3.93882, 16.30894, 0.90473, ], SCORE: 56.83
>>      [ 0.52650, 0.68223, 0.87500, 1.76095, 9.31204, 0.92662, ], SCORE: 63.83


200 FISH
>>      [ 0.45481, 0.07930, 0.04492, 26.06830, 9.36138, 1.91984, ], SCORE: 69.00
>>      [ 0.39306, 0.16061, 0.40129, 2.90638, 9.57538, 0.00715, ], SCORE: 110.50
>>      [ 0.35084, 0.08925, 0.88097, 5.01338, 17.11524, 0.62998, ], SCORE: 106.50

400 FISH
>>      [ 0.42406, 0.34276, 0.18951, 0.21169, 24.72687, 8.33968, ], SCORE: 231.83
>>      [ 0.30000, 0.33516, 0.01998, 25.01093, 23.74699, 1.68639, ], SCORE: 123.00
>>      [ 0.84641, 0.21806, 0.43641, 2.99489, 16.73245, 0.35232, ], SCORE: 253.33


============================================================= num_sharks 3
100 FISH
>>      [ 0.31468, 0.01630, 0.08156, 39.07019, 51.02946, 10.38614, ], SCORE: 46.00
>>      [ 0.46841, 0.44403, 0.00330, 23.61223, 32.80812, 1.18130, ], SCORE: 42.50
>>      [ 0.30000, 0.04146, 0.02428, 28.01238, 7.59431, 1.86291, ], SCORE: 41.00

200 FISH
>>      [ 0.30000, 0.11698, 0.23376, 0.74582, 13.65625, 6.34522, ], SCORE: 139.50
>>      [ 0.52410, 0.34661, 0.30855, 1.49157, 7.68672, 9.56858, ], SCORE: 162.83
>>      [ 0.30000, 0.12975, 0.02056, 11.13641, 18.98476, 10.09540, ], SCORE: 104.33

400 FISH
>>      [ 0.30000, 0.01263, 0.37759, 0.19569, 9.13932, 0.56402, ], SCORE: 308.67
>>      [ 0.71485, 0.12730, 0.36121, 0.43110, 15.44888, 0.33865, ], SCORE: 297.00
>>      [ 0.30000, 0.12562, 0.01689, 12.25946, 15.36752, 0.95121, ], SCORE: 175.00
