100 FISH
>>    [0.34704, 0.32648, 0.47962, 0.67541, 9.55305, 8.22932, ]  32.66667
>>    [0.30000, 0.42882, 0.03895, 71.54213, 8.36799, 0.63264, ]  13.00000
>>    [0.44569, 0.71495, 6.99690, 9.40319, 0.43635, 7.24682, ]  45.50000
>>    [0.30429, 0.65119, 0.02126, 16.91237, 8.06325, 2.76085, ]  17.33333
>>    [0.34742, 0.47788, 1.04922, 0.88880, 16.31890, 0.80283, ]  28.33333

200 FISH
>>    [0.84898, 0.38733, 0.91489, 9.59063, 10.15895, 0.02211, ]  70.33333
>>    [0.30000, 0.19637, 0.59299, 2.82182, 13.56596, 0.92892, ]  60.00000
>>    [0.30000, 0.06106, 0.67379, 1.77086, 15.88195, 0.02387, ]  64.66667
>>    [0.54999, 0.01470, 5.67743, 6.72009, 7.46225, 0.35727, ]  72.00000
>>    [0.63791, 0.81914, 0.76868, 9.83929, 7.14013, 0.08064, ]  78.00000

400 FISH
>>    [0.79873, 0.01063, 0.18095, 0.07393, 6.47898, 11.71502, ]  117.00000
>>    [0.64443, 0.17909, 0.01674, 14.28641, 48.09444, 0.13863, ]  66.00000
>>    [0.34727, 0.55430, 0.03297, 96.50398, 37.08410, 4.87352, ]  76.00000
>>    [0.74175, 0.01519, 0.05753, 0.68604, 1.39023, 5.42823, ]  135.00000
>>    [0.75988, 0.42674, 0.65982, 0.76347, 8.51844, 2.88759, ]  129.83333